datafile    = rbcl738.nex
treefile    = rbcl738nj.tre
rmatrix     = 0.08394222
rmatrix     = 0.34116704
rmatrix     = 0.03603322
rmatrix     = 0.15737940
rmatrix     = 0.30297095
rmatrix     = 0.07850717
statefreq   = 0.309769
statefreq   = 0.163380
statefreq   = 0.121023
statefreq   = 0.405828
gammashape  = 0.517281
ncateg      = 4
expectedLnL = -144730.75

